
                +-----------------------+----------------------------------------------------------------+
                |   Config parameters   |                    Number of iteration                         |
                +-------+---------------+---------+---------+--------------------+-----------------------+
                |  RFM  |      CEM      |   RFM   |  CEM-1  |       CEM-2        |        CEM-3          |
  +-------------+-------+-------+-------+---------+---------+---------+----------+----------+------------+
  |  Trunc Err  |  j_T  |  j_T  |  n_T  |  Ex/An  |  Ex/An  |  Exact  |  Anlyt   |   Exact  |    Anlyt   |
  +-------------+-------+-------+-------+---------+---------+---------+----------+----------+------------+
  |   1.00e-01  |   10  |   13  |   15  |     286 |    8960 |    7924 |   7936.2 |   172788 |   172939.4 |
  +-------------+-------+-------+-------+---------+---------+---------+----------+----------+------------+
  |   5.62e-02  |   12  |   16  |   15  |     455 |   15504 |   13345 |  13362.7 |   321179 |   321428.4 |
  +-------------+-------+-------+-------+---------+---------+---------+----------+----------+------------+
  |   3.16e-02  |   14  |   18  |   15  |     680 |   21280 |   17991 |  18012.5 |   459807 |   460123.8 |
  +-------------+-------+-------+-------+---------+---------+---------+----------+----------+------------+
  |   1.78e-02  |   15  |   20  |   15  |     816 |   28336 |   23542 |  23567.3 |   636538 |   636922.1 |
  +-------------+-------+-------+-------+---------+---------+---------+----------+----------+------------+
  |   1.00e-02  |   17  |   21  |   15  |    1140 |   32384 |   26678 |  26705.3 |   741014 |   741435.9 |
  +-------------+-------+-------+-------+---------+---------+---------+----------+----------+------------+
  |   5.62e-03  |   18  |   23  |   15  |    1330 |   41600 |   33714 |  33745.0 |   986078 |   986567.5 |
  +-------------+-------+-------+-------+---------+---------+---------+----------+----------+------------+
  |   3.16e-03  |   20  |   25  |   15  |    1771 |   52416 |   41825 |  41859.7 |  1284745 |  1285302.1 |
  +-------------+-------+-------+-------+---------+---------+---------+----------+----------+------------+
  |   1.78e-03  |   21  |   27  |   15  |    2024 |   64960 |   51079 |  51117.5 |  1643929 |  1644553.7 |
  +-------------+-------+-------+-------+---------+---------+---------+----------+----------+------------+
  |   1.00e-03  |   23  |   29  |   15  |    2600 |   79360 |   61544 |  61586.3 |  2070952 |  2071644.4 |
  +-------------+-------+-------+-------+---------+---------+---------+----------+----------+------------+
  |   5.62e-04  |   24  |   30  |   15  |    2925 |   87296 |   67252 |  67296.0 |  2312308 |  2313029.0 |
  +-------------+-------+-------+-------+---------+---------+---------+----------+----------+------------+
  |   3.16e-04  |   26  |   32  |   15  |    3654 |  104720 |   79661 |  79708.8 |  2855711 |  2856499.4 |
  +-------------+-------+-------+-------+---------+---------+---------+----------+----------+------------+
  |   1.78e-04  |   27  |   34  |   15  |    4060 |  124320 |   93451 |  93502.5 |  3487043 |  3487898.8 |
  +-------------+-------+-------+-------+---------+---------+---------+----------+----------+------------+
  |   1.00e-04  |   29  |   35  |   15  |    4960 |  134976 |  100885 | 100938.5 |  3838395 |  3839290.3 |
  +-------------+-------+-------+-------+---------+---------+---------+----------+----------+------------+
  |   5.62e-05  |   30  |   37  |   15  |    5456 |  158080 |  116874 | 116931.3 |  4618154 |  4619116.9 |
  +-------------+-------+-------+-------+---------+---------+---------+----------+----------+------------+
  |   3.16e-05  |   31  |   39  |   15  |    5984 |  183680 |  134414 | 134475.0 |  5508482 |  5509512.5 |
  +-------------+-------+-------+-------+---------+---------+---------+----------+----------+------------+
  |   1.78e-05  |   33  |   40  |   15  |    7140 |  197456 |  143787 | 143849.8 |  5998153 |  5999210.9 |
  +-------------+-------+-------+-------+---------+---------+---------+----------+----------+------------+
  |   1.00e-05  |   34  |   42  |   15  |    7770 |  227040 |  163781 | 163847.5 |  7072781 |  7073906.3 |
  +-------------+-------+-------+-------+---------+---------+---------+----------+----------+------------+
  |   5.62e-06  |   35  |   44  |   15  |    8436 |  259440 |  185496 | 185566.3 |  8283168 |  8284360.6 |
  +-------------+-------+-------+-------+---------+---------+---------+----------+----------+------------+
  |   3.16e-06  |   37  |   45  |   15  |    9880 |  276736 |  197020 | 197092.3 |  8942620 |  8943853.4 |
  +-------------+-------+-------+-------+---------+---------+---------+----------+----------+------------+
  |   1.78e-06  |   38  |   47  |   15  |   10660 |  313600 |  221444 | 221520.0 | 10377004 | 10378305.0 |
  +-------------+-------+-------+-------+---------+---------+---------+----------+----------+------------+
  |   1.00e-06  |   39  |   48  |   15  |   11480 |  333200 |  234361 | 234438.8 | 11154787 | 11156114.4 |
  +-------------+-------+-------+-------+---------+---------+---------+----------+----------+------------+
  |   5.62e-07  |   41  |   50  |   15  |   13244 |  374816 |  261647 | 261728.5 | 12838823 | 12840217.8 |
  +-------------+-------+-------+-------+---------+---------+---------+----------+----------+------------+
  |   3.16e-07  |   42  |   51  |   15  |   14190 |  396864 |  276033 | 276116.5 | 13748079 | 13749515.3 |
  +-------------+-------+-------+-------+---------+---------+---------+----------+----------+------------+
  |   1.78e-07  |   43  |   53  |   15  |   15180 |  443520 |  306334 | 306421.3 | 15708798 | 15710301.9 |
  +-------------+-------+-------+-------+---------+---------+---------+----------+----------+------------+
  |   1.00e-07  |   45  |   54  |   15  |   17296 |  468160 |  322266 | 322355.0 | 16763418 | 16764947.5 |
  +-------------+-------+-------+-------+---------+---------+---------+----------+----------+------------+
  |   5.62e-08  |   46  |   56  |   15  |   18424 |  520144 |  355735 | 355827.8 | 19029229 | 19030825.9 |
  +-------------+-------+-------+-------+---------+---------+---------+----------+----------+------------+
  |   3.16e-08  |   47  |   57  |   15  |   19600 |  547520 |  373289 | 373383.7 | 20243729 | 20245368.1 |
  +-------------+-------+-------+-------+---------+---------+---------+----------+----------+------------+
  |   1.78e-08  |   49  |   59  |   15  |   22100 |  605120 |  410079 | 410177.5 | 22844417 | 22846123.8 |
  +-------------+-------+-------+-------+---------+---------+---------+----------+----------+------------+
  |   1.00e-08  |   50  |   60  |   15  |   23426 |  635376 |  429332 | 429432.2 | 24234068 | 24235799.6 |
  +-------------+-------+-------+-------+---------+---------+---------+----------+----------+------------+
  |   5.62e-09  |   51  |   62  |   15  |   24804 |  698880 |  469596 | 469700.0 | 27200796 | 27202595.0 |
  +-------------+-------+-------+-------+---------+---------+---------+----------+----------+------------+
  |   3.16e-09  |   52  |   63  |   15  |   26235 |  732160 |  490624 | 490730.0 | 28781488 | 28783330.0 |
  +-------------+-------+-------+-------+---------+---------+---------+----------+----------+------------+
  |   1.78e-09  |   54  |   64  |   15  |   29260 |  766480 |  512261 | 512368.7 | 30429543 | 30431409.4 |
  +-------------+-------+-------+-------+---------+---------+---------+----------+----------+------------+
  |   1.00e-09  |   55  |   65  |   15  |   30856 |  801856 |  534515 | 534624.8 | 32146795 | 32148704.6 |
  +-------------+-------+-------+-------+---------+---------+---------+----------+----------+------------+
